2943291627
9
3.9456856162674814E7 58615.138744969445 4.0107661131411694E7 24.397 169 169 169 579088.994522 0.20564572 7.003434 48.298816 29.198341000000003 67.640428 87.96871331 Mercury
3.949296203932871E7 16085.113385840825 3.904131083480853E7 60.518 218 165 32 1082088.997807 0.00678136 3.394398 76.60715 54.836696 109.92953 224.7006089 Venus
4.031094217080294E7 -88.78947445569555 4.144014324080605E7 63.71 70 130 180 1495364.03235 0.01617152 0.0037679999999999996 144.21811700000003 318.308865 336.05546 365.0312556 Earth
4.00363633989482E7 -46433.34888959151 3.7826770453731194E7 33.895 188 39 50 2279406.09881 0.09348518 1.847498 49.483441 286.625851 304.29325800000004 686.97794992 Mars
3.7704965793899775E7 20446.91895005941 4.743890509745121E7 699.11 210 180 140 7783776.387044 0.04829172 1.303429 100.517233 273.688988 87.406727 4332.99957722 Jupiter
5.423684344081658E7 -570234.0087510274 4.020244295677184E7 582.32 222 205 155 1.4284868074109E7 0.05541858 2.489074 113.695939 337.769388 275.718482 10776.12460551 Saturn
5.489333462467208E7 -99997.0884003776 6.507264546313618E7 253.62 175 238 238 2.8847737121525E7 0.04676972 0.771697 74.037679 91.339796 259.108851 30929.18359656 Uranus
8.469062767276339E7 -1043709.0409138486 4.067243567222275E7 246.22 70 89 169 4.5056961840013E7 0.01130144 1.76678 131.658477 276.41091 313.750789 60372.89221878 Neptune
6.867521077606344E7 -3542251.203874566 -4392462.886007316 11.883 222 208 178 5.830069291924E7 0.24592615 17.25232 110.396119 111.008695 55.081482 88862.98184278 Pluto
3
Saturn -2.0E-5 0.0854788318610717 0.8825198061075691 0.46244152185062837 0.15 0.0 4
746.58 920.0 3000 -4279131 0.35
920.0 1175.8 5000 -1976381 0.75
1175.8 1221.7 800 -5593701 0.1
1221.7 1367.75 4000 -2305346 0.6
Uranus -2.5E-5 -0.21199958153779855 0.13436302974626815 -0.9679890255913037 0.15 0.0 13
328.5 413.5 2200 -7564906 0.08
417.8 419.0 900 -7564906 0.18
421.7 422.9 1000 -7564906 0.2
425.2 426.4 1000 -7564906 0.2
446.6 447.8 1600 -6249046 0.35
456.1 457.3 1800 -6249046 0.35
471.3 472.5 900 -7564906 0.22
475.7 476.9 1100 -6249046 0.28
482.3 483.5 1400 -6249046 0.3
499.6 500.8 700 -7564906 0.16
510.8 512.0 2600 -4275256 0.7
654.0 692.0 1800 -7564906 0.06
892.0 1062.0 2200 -7564906 0.04
Neptune -2.5E-5 0.35588325685864897 0.8827312438480892 -0.3068104604182949 0.15 0.0 5
409.0 429.0 2600 -7893871 0.08
531.4 532.6 1200 -6249046 0.22
532.0 572.0 2000 -7893871 0.06
571.4 572.6 900 -7893871 0.12
628.72 629.92 1400 -6249046 0.26
56
4.030779967947811E7 9.507008826860854 4.1442291092646025E7 17.374 180 180 180 3808.448539 0.07175554 5.028404 342.715245 68.923223 85.720379 26.9069674 Moon Earth
4.00363536441245E7 -46435.52590005243 3.782667843807905E7 0.113 170 170 170 93.787143 0.01545019 27.54207 81.362771 150.550672 31.388072000000005 0.31916502 Phobos Mars
4.00363540658996E7 -46445.31318646633 3.782653631108828E7 0.062 150 150 150 234.591239 2.0721E-4 24.181149 81.188215 35.994973 151.134796 1.26260647 Deimos Mars
3.770077185451913E7 20401.01065339262 4.743927801719637E7 18.216 230 220 50 4220.324447 0.00442362 2.205048 338.469136 255.77771700000002 301.111654 1.7713706599999999 Io Jupiter
3.7699036031639904E7 20220.68482061583 4.743565889233616E7 15.608 200 180 170 6713.302558 0.0091261 2.155399 325.927614 96.723996 145.472449 3.55385532 Europa Jupiter
3.7712436132933274E7 20263.576410047688 4.743127334468391E7 26.341 180 175 165 10704.981677 0.00226686 2.338782 339.244131 343.541667 351.619865 7.15587667 Ganymede Jupiter
3.772178053229384E7 20416.085489585425 4.743067812959701E7 24.103 140 130 125 18830.773545 0.00715249 1.9515469999999997 336.69957 31.746376999999995 325.942949 16.6951697 Callisto Jupiter
3.77034047744782E7 20452.535334052885 4.743981663441362E7 0.835 200 190 170 1819.987987 0.00676843 2.551151 333.716397 178.55299 357.454385 0.50165331 Amalthea Jupiter
3.7802144715018936E7 4754.769184186342 4.74748423603556E7 0.85 190 190 190 113945.288681 0.1642495 28.762402999999996 36.3115 51.186993 307.486642 248.51091105 Himalia Jupiter
3.774867850709074E7 2821.8790364517117 4.755914133297812E7 0.4 185 185 185 117266.833057 0.21457924 30.065385000000003 83.788735 215.623839 107.326224 259.45598735 Elara Jupiter
3.7975036067447856E7 160154.54762538374 4.72695641337842E7 0.3 170 170 170 237946.81216 0.50927361 155.683021 72.005572 268.6555 216.891143 749.93001915 Pasiphae Jupiter
3.7864742949879795E7 75392.04651808785 4.73973436243604E7 0.19 165 165 165 233311.197304 0.26011085 159.30382 47.174713 79.211928 350.941662 728.12220534 Sinope Jupiter
3.763653869842287E7 -37037.5270035061 4.734523063899583E7 0.18 190 190 190 116796.643679 0.13559532 26.671322 333.281679 113.987816 138.471435 257.89709283 Lysithea Jupiter
3.7605696946096115E7 -9227.022252516286 4.7175933585517265E7 0.23 180 180 180 235719.433483 0.20533965 162.883119 229.27148 170.639679 162.932 739.42475349 Carme Jupiter
3.785499095096555E7 118779.1811929884 4.751758164397873E7 0.14 175 175 175 205275.418813 0.1221908 149.325122 105.795007 154.394457 298.502609 600.90569851 Ananke Jupiter
3.767778470963263E7 -24333.53893105932 4.7521802320995234E7 0.1 180 180 180 111709.170491 0.15126019 27.864454 184.301961 323.898201 328.980917 241.23156959 Leda Jupiter
3.770279590696159E7 20444.759869775862 4.743921798775951E7 0.49 200 195 180 2224.195612 0.0192794 1.19504 349.088724 225.455345 318.716919 0.67773571 Thebe Jupiter
3.770369662447935E7 20436.544285744872 4.743913697088648E7 0.082 200 195 180 1298.730265 0.00657137 2.21875 337.667629 196.198181 355.803802 0.3023983 Adrastea Jupiter
3.770369981891811E7 20421.852302426014 4.743872521581624E7 0.215 200 195 180 1288.811229 0.00768429 2.220071 337.711005 205.990391 4.296106 0.29894058 Metis Jupiter
5.423858689101977E7 -570603.1783596663 4.020282154898975E7 1.98 200 200 200 1860.378814 0.02210525 29.504254 170.802586 225.31810900000002 339.859361 0.9474795900000001 Mimas Saturn
5.423453082758687E7 -570305.5973626532 4.0203007525937006E7 2.521 220 220 230 2384.105858 0.00472357 28.053558 169.51592 73.76965600000001 283.084776 1.37453581 Enceladus Saturn
5.423581445947002E7 -568920.0525368178 4.020001418394736E7 5.311 210 210 210 2949.748707 9.667E-4 27.159571000000003 170.883642 74.980986 2.639944 1.89166876 Tethys Saturn
5.4233802248488516E7 -568967.857277562 4.020058594528613E7 5.614 210 210 210 3776.540738 0.00164961 28.024552 169.528169 261.124915 144.207829 2.74036645 Dione Saturn
5.423834455473128E7 -567982.5920706437 4.019792332624016E7 7.638 200 190 180 5272.179189 0.00118972 28.239952 170.039309 160.645941 314.8569 4.52014286 Rhea Saturn
5.4225301325174645E7 -567168.7723772699 4.0198726581739694E7 25.755 210 160 60 12219.63218 0.0286845 27.709173 169.077059 177.835432 215.841573 15.94790381 Titan Saturn
5.422297296920595E7 -571292.280336878 4.020712373330906E7 1.35 200 200 190 14783.932533 0.09387538 27.052931 169.49025900000004 81.856792 279.773702 21.2252471 Hyperion Saturn
5.4269830789938085E7 -578350.7393393845 4.020889263891569E7 7.345 200 190 180 35585.42318 0.02831855 16.996765 138.875871 231.75177000000002 1.574823 79.26387706 Iapetus Saturn
5.416879473468019E7 -561952.5255516713 4.033049968116173E7 1.065 150 150 150 129015.063162 0.18088997 172.850668 270.902082 11.602471 126.63652600000002 547.17774443 Phoebe Saturn
5.42363558085886E7 -569537.7049001252 4.020119489498639E7 0.89 200 200 200 1520.431878 0.0092018 27.887517 169.555453 122.855389 318.179509 0.70003257 Janus Saturn
5.423663600119719E7 -569522.4094708255 4.020110596650347E7 0.58 200 200 200 1520.666147 0.00589919 27.757469 169.105676 245.67998799999998 206.438046 0.70019437 Epimetheus Saturn
5.4237184339513704E7 -568494.2315206272 4.0199085883062355E7 0.16 200 200 200 3774.171066 0.00720231 28.202429000000002 169.842646 249.397516 215.21268 2.73779024 Helene Saturn
5.42387668700112E7 -569322.9418837539 4.0200404643014535E7 0.12 200 200 200 2949.722379 9.7864E-4 27.573961 171.839253 124.084204 13.97824 1.89164446 Telesto Saturn
5.4233927315447E7 -569854.7583385669 4.020227142435471E7 0.1 200 200 200 2949.9503 0.00145132 26.646278 168.371111 12.236709 4.426877 1.89186372 Calypso Saturn
5.423775365184634E7 -569824.0960604124 4.020149248895999E7 0.15 200 200 200 1383.206668 0.00351539 28.054413 169.526351 134.942474 5.774474 0.60743304 Atlas Saturn
5.423771310618132E7 -569797.5662829144 4.020144890059735E7 0.43 200 200 200 1400.294713 0.00670266 28.043642 169.521902 147.171117 351.065285 0.61872401 Prometheus Saturn
5.4238239982671365E7 -570227.5572042294 4.020217488357501E7 0.4 200 200 200 1423.489221 0.00262503 28.071652 169.621374 246.978591 292.727439 0.63416033 Pandora Saturn
5.423657207151559E7 -569606.4035698648 4.02012953696628E7 0.14 200 200 200 1342.636544 0.00505729 28.051466 169.523332 87.422586 0.059565 0.58090551 Pan Saturn
5.489375682782812E7 -101825.76136084461 6.507229954368188E7 5.789 190 200 220 1909.423532 6.1602E-4 97.715029 167.66439 226.48296800000003 28.713422 2.52074556 Ariel Uranus
5.489115391299007E7 -101498.89904643093 6.507291186416846E7 5.847 180 190 210 2660.00217 0.00430152 97.711228 167.724083 61.46650600000001 264.306164 4.14475169 Umbriel Uranus
5.4889397651867285E7 -98454.03494493429 6.507372339139439E7 7.889 180 190 200 4362.926105 0.00201634 97.763481 167.64209 285.131557 95.545502 8.70637096 Titania Uranus
5.489501515353355E7 -105461.64080191162 6.507150274929083E7 7.614 180 190 200 5835.211283 0.00244543 97.905522 167.709917 181.535483 69.334889 13.46652625 Oberon Uranus
5.489248420535557E7 -100974.8895674034 6.507273153300589E7 2.358 170 175 180 1298.714288 0.00146566 99.274619 163.454308 41.031748 269.410602 1.41399868 Miranda Uranus
5.4893025085321456E7 -99215.1460431402 6.507283395268277E7 0.81 200 200 200 860.522957 0.00891016 98.721875 167.990918 167.052597 260.55816 0.7626449900000001 Puck Uranus
5.494921894022988E7 -64194.44632273132 6.5110489150781095E7 0.36 190 190 190 71670.210327 0.07859721 139.541375 175.64195500000002 344.283913 144.666027 579.67790876 Caliban Uranus
5.482002776101245E7 -63156.66672742722 6.509773345517781E7 0.75 190 190 190 121634.739165 0.4654424 154.302128 259.969492 21.74675 30.078929000000002 1281.63740435 Sycorax Uranus
8.469176533435696E7 -1042026.8640901169 4.067534456163E7 13.534 160 160 200 3547.665471 1.442E-5 129.14342 222.640482 176.58593600000003 325.723258 5.87708813 Triton Neptune
8.4662510590507E7 -1043151.862156411 4.0704867254204296E7 1.7 150 150 180 55156.641135 0.74606121 5.079889 319.320942 296.791997 328.104437 360.32160742 Nereid Neptune
8.469026278497547E7 -1043694.0843071535 4.067205840767967E7 0.75 200 200 200 525.881394 0.00154887 28.491719 48.964979 175.643196 0.894 0.33544807 Despina Neptune
8.46900859317775E7 -1043584.2185554636 4.067216200825955E7 0.88 200 200 200 620.050965 6.6189E-4 28.539165000000004 49.020649 159.405168 355.633804 0.42947181 Galatea Neptune
8.469121835047734E7 -1044047.4000613748 4.067215952064463E7 0.97 200 200 200 735.924397 0.0017926 28.34415 49.090107 286.63982 357.379711 0.55532009 Larissa Neptune
8.469063770027038E7 -1044117.8674273336 4.067133211129252E7 2.1 200 200 200 1176.749196 3.4161E-4 29.060356000000002 48.711955 337.23751000000004 248.444538 1.12284387 Proteus Neptune
6.867515081108166E7 -3542070.7551306426 -4392415.550975421 6.06 200 200 210 195.957602 1.6047E-4 112.887809 227.393007 172.606021 275.727398 6.38721971 Charon Pluto
6.867553217378432E7 -3542229.258534435 -4392100.058060185 0.19 210 210 230 587.091051 0.21346651 112.881702 227.37018 133.689988 28.488612 35.08589648 Nix Pluto
6.867549811056732E7 -3542803.897064499 -4392490.4221336 0.2 210 210 230 487.816905 0.28289234 112.59993 227.37322 81.583881 166.615284 26.57415899 Hydra Pluto
6.867523179937525E7 -3541759.678666106 -4392126.793633482 0.06 210 210 230 1451.67042 0.59198408 113.278835 227.520055 105.879607 2.118218 136.41960475 Kerberos Pluto
6.867548925863883E7 -3542228.784359472 -4392146.682769686 0.05 210 210 230 518.001966 0.21489101 112.89874100000002 227.341564 139.400066 24.132068 29.07849085 Styx Pluto
40
4.396042084347913E7 -677684.5394478077 4.164031758007129E7 4.73 210 210 210 4137252.3753 0.07958971 10.587914 80.24937 73.304172 235.609103 1679.88027145 Ceres
4.422647574334145E7 1241816.736280982 3.768069464545083E7 2.56 200 200 200 4143713.683874 0.23064832 34.928789 172.88818100000003 310.93638100000004 215.589394 1683.8171094400002 Pallas
4.1287162940037444E7 -67460.10164149177 3.699294475569874E7 2.627 200 180 160 3532822.088932 0.09017334 7.144058 103.702295 151.532968 31.974469000000003 1325.5403718 Vesta
4.094507744159356E7 -207361.45535283283 4.387915641373785E7 1.1 200 200 200 4373507.44856 0.13438978 3.0973200000000003 150.007783 229.773118 44.367988 1825.80803746 Psyche
4.2266147253777124E7 -527281.4406527575 4.359829652606208E7 1.565 200 200 200 4626014.106207 0.11202771 7.4809410000000005 128.57858 342.94928 315.983023 1986.18975726 Europa
3.755621255592192E7 505966.2001064703 3.560769478960802E7 0.675 200 200 200 4181204.788153 0.25031467 13.117062 215.315588 179.778336 221.677308 1706.72074529 Kleopatra
3.532981131526743E7 98347.5896585436 3.9208980584515154E7 0.265 200 200 200 3959178.19807 0.26436764 6.740852 179.495959 157.59334 232.065494 1572.5985928800003 Mathilde
4.077818940641254E7 301826.126619161 4.166025733903569E7 0.084 200 200 200 2181364.265887 0.22284954 10.828539 304.269197 178.927633 321.19629000000003 643.13567459 Eros
3.696619772591134E7 592605.8047967424 4.2715333698310174E7 1.4 200 200 200 4732335.875918 0.18959064 15.950074 107.555492 336.648698 38.59339 2055.0559498 Davida
3.63042302266189E7 647380.3458485599 4.116211812055698E7 0.034 200 200 200 3535318.149639 0.14667497 9.924621 55.295457 251.437429 226.283839 1326.94542992 Steins
3.527721565125458E7 33377.67992475012 3.928023340113843E7 0.028 200 200 200 3804303.230724 0.62473161 0.448073 125.364042 277.862592 81.513916 1481.23170023 Toutatis
4.1286405017156646E7 -46388.741796646165 3.8774391790955774E7 0.0017 200 200 200 1980875.057624 0.28015238 1.620939 69.075612 162.852823 53.555462 556.53942393 Itokawa
3.993737273397066E7 64182.89026897764 4.409122633973677E7 0.157 200 200 200 4282609.993145 0.04562216 1.130155 323.545406 113.760947 12.378689 1769.18438623 Ida
3.944402710864302E7 -101965.57477424481 4.303803998951345E7 0.061 200 200 200 3306542.849094 0.17344928 4.105649 252.98719900000003 130.040055 58.63222100000001 1200.24952114 Gaspra
1.0811372432913572E7 -1.479501629269231E7 8.102651152977744E7 0.055 230 230 255 2.6716566402805E7 0.96795225 162.15971 59.506438 112.40488800000001 189.810747 27566.477332269995 Halley
3.9513989290456906E7 1085992.0790820022 3.530276533873795E7 1.23298 200 200 200 3995612.494227 0.25581081 12.98605 169.818908 247.884991 221.880653 1594.3561911200002 Juno
4.0125550742654026E7 86017.33397272289 4.51168149753792E7 2.0356 200 200 200 4709334.7617 0.10807542 3.832868 283.121955 312.58568 220.05777100000003 2040.0915342200003 Hygiea
3.6448354010508224E7 769095.7548761201 4.0222073425195955E7 1.01318 200 200 200 3853993.637494 0.0846693 16.525568 43.177009 79.065507 45.521284 1510.34721406 Egeria
3.57966225205067E7 -719822.0874855072 4.106837776839375E7 1.158445 200 200 200 3952572.008071 0.18778479 11.761452 292.88133 98.500017 118.095765 1568.6642346500003 Eunomia
3.660878471832539E7 -90831.94526650013 4.182039706489982E7 1.0 200 200 200 3653132.934837 0.15804806 1.573331 210.999803 182.50279 101.422348 1393.82587671 Fortuna
3.819385386412126E7 -1704976.5266243045 3.490962112989874E7 1.3354 200 200 200 4729615.324028 0.21590826 26.311873 30.795152 61.97505000000001 151.220657 2053.28407131 Euphrosyne
3.76521760440595E7 -852649.5381897788 4.312788317164671E7 1.027475 200 200 200 4141578.432071 0.27041965 15.729111000000001 177.615477 46.931781 292.489167 1682.51577304 Daphne
4.0656790553742096E7 -460173.3429547573 4.429121303662952E7 1.011635 200 200 200 4071710.823688 0.08209759 6.605791 147.551688 87.284472 210.734357 1640.12027935 Eugenia
3.646218099995503E7 365152.77466047695 3.660595606603889E7 1.082365 200 200 200 4656895.136179 0.06624339 6.557692 183.427466 251.367461 145.144283 2006.111173 Doris
3.518535881226827E7 28359.196084213614 4.173315102416735E7 1.1863 200 200 200 5097651.222055 0.12774962 3.565002 155.098863 104.152805 275.599031 2297.55272133 Cybele
4.0286275660949126E7 245455.49439728577 4.531089066516748E7 1.265255 200 200 200 5213620.268412 0.09434008 10.871102 73.009808 265.929529 97.733051 2376.39923187 Sylvia
3.5802111396476865E7 -359041.84116625437 4.224383926693744E7 1.16 200 200 200 4139147.180073 0.16533861 5.2264 276.324351 36.938383 205.60221 1681.03444672 Thisbe
4.074194081797799E7 579859.5496161842 4.417840539062607E7 1.02445 200 200 200 4722233.504942 0.09645905 7.96964 2.514084 60.533798999999995 13.980386 2048.47890593 Aurora
4.224965598938309E7 -313846.48023299506 3.587822166232872E7 1.039345 200 200 200 4760909.040783 0.15884123 4.574977 61.98256700000001 331.74841 283.224227 2073.69621538 Dione
4.0141736774900906E7 -848967.5024715654 4.4838251763446406E7 1.05185 200 200 200 5226225.363209 0.06653543 9.99877 172.497461 303.670701 335.485504 2385.02265504 Camilla
4.13819304130747E7 -1018588.1028906957 3.582282889130762E7 1.04487 200 200 200 4475809.796977 0.02290942 14.922009 348.616152 53.246771 248.01228599999996 1890.24345355 Lomia
3.646057271528852E7 278845.4199080799 3.564195831612135E7 1.045 200 200 200 5171720.838471 0.12461355 7.566242999999999 72.875386 297.008795 230.895143 2347.80984954 Hermione
3.84038902112822E7 -829948.2540454548 3.600459889130517E7 1.103455 200 200 200 4012819.835583 0.34043704 11.096172 327.82712 44.199197 273.113769 1604.6665555400002 Bamberga
4.3571470686856315E7 -170763.55142709124 3.778581507980358E7 1.08 200 200 200 4678466.597459 0.1023585 15.940678 336.382052 341.418811 8.172176 2020.06623 Ursula
3.862748171610341E7 350669.22404829017 3.530881406837131E7 1.2695 200 200 200 4583994.601303 0.06961683 15.206320999999999 88.99608500000001 337.19827 187.990288 1959.18954709 Patientia
3.2350248626290433E7 -498765.5775836671 4.0774705320455566E7 1.125 200 200 200 7893291.283536 0.02429468 18.148096 342.802929 180.742495 10.718789 4426.87748972 Hektor
3.5272681526646845E7 -1547609.2613557517 3.823809089210803E7 1.531565 200 200 200 4572116.466912 0.1552289 17.31546 280.166194 94.103451 187.715596 1951.5794482 Interamnia
7.58901175310609E7 4512087.502751312 8.686669127496761E7 1.64 220 180 220 5.9440985143068E7 0.18381531 5.158197 354.696371 318.603023 78.220425 91482.77011858 1993SC
-1646445.5047629625 1.0794860332633244E7 9.028034632221258E7 4.5 220 180 220 6.4597536552732E7 0.05245171 17.138251 97.210588 273.245504 115.078172 103641.63207628 Varuna
6.021818014398095E7 3942061.851186535 2.3578054972814925E7 1.51 210 180 200 2.3545727494171E7 0.17030366 23.430549 300.475467 241.220693 127.259879 22807.54177097 Chariklo
