147680823894700
9
4.0019115282314174E7 3.963617491009324E7 15.155 151 151 159 364326.9 280.0 -4.734848484848484E-14 Mercury 
4.040819377229793E7 3.946325554281317E7 37.605 187 183 171 674326.9 310.0 -1.8601190476190475E-14 Venus 
3.93025286304412E7 4.0621090285859786E7 39.63 59 93 56 933926.9 140.0 -1.140771161305042E-14 Earth 
3.927018183032982E7 3.878035431543301E7 21.11 226 123 88 1421326.9 240.0 -6.06501698204755E-15 Mars 
4.34303998328517E7 4.341342084013012E7 444.23 211 156 126 4839326.9 45.0 -9.625231968090432E-16 Jupiter 
4.572246426623047E7 4.6805732020971656E7 374.5 197 171 110 8891826.9 50.0 -3.936387970398362E-16 Saturn 
5.366357065084114E7 2.8526744566862524E7 158.815 147 184 190 1.78417699E7 320.0 -1.3589910850184823E-16 Uranus 
6.7029855073741734E7 4.723745563888593E7 153.895 62 84 232 2.79820269E7 15.0 -6.926896307133041E-17 Neptune 
5.3265263395454854E7 7.45449416900835E7 7.365 246 221 219 3.70043269E7 69.0 -4.603034320223892E-17 Pluto 
11
4.342581310849049E7 4.341291773905189E7 9.6985 134 140 139 4614.23 0.0 -1.1764595156751467E-12 Europa Jupiter
4.3433431349058695E7 4.3413867376096085E7 11.319 245 236 95 3064.23 0.0 -2.380952380952381E-12 Io Jupiter
4.343091192737811E7 4.3406345121250995E7 16.3675 150 133 117 7094.23 0.0 -5.813926446853736E-13 Ganymede Jupiter
4.3440200208914675E7 4.340624903313379E7 14.977 110 94 78 12144.23 0.0 -2.4509803921568625E-13 Callisto Jupiter
4.572306650221983E7 4.680713557391458E7 1.2316 146 146 146 1527.3 0.0 -4.423213021939136E-12 Mimas2 Saturn
4.574476113007995E7 4.680268206671704E7 4.564 169 168 157 22504.5 0.0 -5.2742616033755264E-14 Iapetus Saturn
4.5722544593417875E7 4.680387926434077E7 1.5665 191 192 197 1854.5 0.0 -3.0303030303030297E-12 Enceladus Saturn
4.57206444730495E7 4.680774619223795E7 3.4884 192 192 192 2714.5 0.0 -1.5432098765432096E-12 Dione Saturn
4.572429200607077E7 4.680696457205649E7 3.2995 173 173 173 2204.5 0.0 -2.207505518763797E-12 Tethys Saturn
4.571983372694332E7 4.6803203816353135E7 4.746 213 213 213 3648.5 0.0 -9.218289085545723E-13 Rhea Saturn
4.572870093307707E7 4.680077851925968E7 15.999 212 186 93 7964.5 0.0 -2.604166666666667E-13 Titan Saturn
