7822737376500
9
4.0060943967126586E7 3.964080656613117E7 15.155 151 151 159 364326.9 280.0 -4.734848484848484E-14 Mercury 
4.043213568936618E7 3.948233648569787E7 37.605 187 183 171 674326.9 310.0 -1.8601190476190475E-14 Venus 
3.9285506354648285E7 4.060143019985334E7 39.63 59 93 56 933926.9 140.0 -1.140771161305042E-14 Earth 
3.9288317524341956E7 3.87696836949366E7 21.11 226 123 88 1421326.9 240.0 -6.06501698204755E-15 Mars 
4.3422370528134294E7 4.342147114750679E7 444.23 211 156 126 4839326.9 45.0 -9.625231968090432E-16 Jupiter 
4.57159222298909E7 4.681122739903776E7 374.5 197 171 110 8891826.9 50.0 -3.936387970398362E-16 Saturn 
5.366737589338609E7 2.8531277780265372E7 158.815 147 184 190 1.78417699E7 320.0 -1.3589910850184823E-16 Uranus 
6.702863094645853E7 4.724202586245504E7 153.895 62 84 232 2.79820269E7 15.0 -6.926896307133041E-17 Neptune 
5.3261381865694836E7 7.454643194794917E7 7.365 246 221 219 3.70043269E7 69.0 -4.603034320223892E-17 Pluto 
4
4.34269253578701E7 4.342073318082252E7 9.6985 134 140 139 4614.23 0.0 -1.1764595156751467E-12 Europa Jupiter
4.3425274270191945E7 4.342049249993677E7 11.319 245 236 95 3064.23 0.0 -2.380952380952381E-12 Io Jupiter
4.342944241508895E7 4.342090861533563E7 16.3675 150 133 117 7094.23 0.0 -5.813926446853736E-13 Ganymede Jupiter
4.343450795445364E7 4.342106483882104E7 14.977 110 94 78 12144.23 0.0 -2.4509803921568625E-13 Callisto Jupiter
