148596791693200
9
4.001883987473733E7 3.9636160544768035E7 15.155 151 151 159 364326.9 280.0 -4.734848484848484E-14 Mercury 
4.040803413808831E7 3.946313417857146E7 37.605 187 183 171 674326.9 310.0 -1.8601190476190475E-14 Venus 
3.930264191384678E7 4.062121747739446E7 39.63 59 93 56 933926.9 140.0 -1.140771161305042E-14 Earth 
3.927006357474425E7 3.878042508563498E7 21.11 226 123 88 1421326.9 240.0 -6.06501698204755E-15 Mars 
4.34304523578734E7 4.341336805302687E7 444.23 211 156 126 4839326.9 45.0 -9.625231968090432E-16 Jupiter 
4.572250709544893E7 4.680569600864601E7 374.5 197 171 110 8891826.9 50.0 -3.936387970398362E-16 Saturn 
5.366354572370473E7 2.852671488104754E7 158.815 147 184 190 1.78417699E7 320.0 -1.3589910850184823E-16 Uranus 
6.702986308853383E7 4.7237425705832146E7 153.895 62 84 232 2.79820269E7 15.0 -6.926896307133041E-17 Neptune 
5.326528881672075E7 7.45449319283024E7 7.365 246 221 219 3.70043269E7 69.0 -4.603034320223892E-17 Pluto 
14
4.3425856982266195E7 4.341295130404895E7 9.6985 134 140 139 4614.23 0.0 -1.1764595156751467E-12 Europa Jupiter
4.343349867045605E7 4.341369890091847E7 11.319 245 236 95 3064.23 0.0 -2.380952380952381E-12 Io Jupiter
4.34308986635118E7 4.3406287880611874E7 16.3675 150 133 117 7094.23 0.0 -5.813926446853736E-13 Ganymede Jupiter
4.344022455618976E7 4.340615789999472E7 14.977 110 94 78 12144.23 0.0 -2.4509803921568625E-13 Callisto Jupiter
4.5723206994028136E7 4.680705350286731E7 1.2316 146 146 146 1527.3 0.0 -4.423213021939136E-12 Mimas2 Saturn
4.574480137917638E7 4.6802627255174614E7 4.564 169 168 157 22504.5 0.0 -5.2742616033755264E-14 Iapetus Saturn
4.5722497604922466E7 4.6803841536045894E7 1.5665 191 192 197 1854.5 0.0 -3.0303030303030297E-12 Enceladus Saturn
4.572073754288665E7 4.680775445953872E7 3.4884 192 192 192 2714.5 0.0 -1.5432098765432096E-12 Dione Saturn
4.572437718618884E7 4.680686330220349E7 3.2995 173 173 173 2204.5 0.0 -2.207505518763797E-12 Tethys Saturn
4.571983958366021E7 4.6803206844651714E7 4.746 213 213 213 3648.5 0.0 -9.218289085545723E-13 Rhea Saturn
4.572872308492316E7 4.680071658523123E7 15.999 212 186 93 7964.5 0.0 -2.604166666666667E-13 Titan Saturn
3.9304877680088505E7 4.062027158439014E7 10.794 203 198 190 2427.63 0.0 -1.5432098765432097E-13 The Moon Earth
3.927008091237939E7 3.878034759870979E7 0.070008 139 125 113 79.39462 0.0 -5.208333333333334E-13 Phobos Mars
3.926901253863235E7 3.8779385795765854E7 0.038525 212 182 144 1478.11 0.0 -3.333333333333333E-12 Deimos Mars
