2911092883300
9
3.0062401398578502E7 2.9641056890971486E7 15.155 151 151 159 364326.9 280.0 -4.734848484848484E-14 Mercury 
3.0432960593330406E7 2.9483026216635123E7 37.605 187 183 171 674326.9 310.0 -1.8601190476190475E-14 Venus 
2.9284918546266984E7 3.060073119535337E7 39.63 59 93 56 933926.9 140.0 -1.140771161305042E-14 Earth 
2.9288957286440525E7 2.8769313843355022E7 21.11 226 123 88 1421326.9 240.0 -6.06501698204755E-15 Mars 
3.3422088205022633E7 3.3421753521530822E7 444.23 211 156 126 4839326.9 45.0 -9.625231968090432E-16 Jupiter 
3.571569238553216E7 3.681142027579662E7 374.5 197 171 110 8891826.9 50.0 -3.936387970398362E-16 Saturn 
4.366750950156702E7 1.8531437004178725E7 158.815 147 184 190 1.78417699E7 320.0 -1.3589910850184823E-16 Uranus 
5.702858794254358E7 3.724218635941602E7 153.895 62 84 232 2.79820269E7 15.0 -6.926896307133041E-17 Neptune 
4.326124554802145E7 6.454648427607569E7 7.365 246 221 219 3.70043269E7 69.0 -4.603034320223892E-17 Pluto 
0
