388774740756873856
9
3.977622487295328E7 3.971249559554881E7 15.155 151 151 159 364326.9 280.0 -4.734848484848484E-14 Mercury 
4.009765765455866E7 3.93327820816482E7 37.605 187 183 171 674326.9 310.0 -1.8601190476190475E-14 Venus 
4.084663262212862E7 4.03942494866087E7 39.63 59 93 56 933926.9 140.0 -1.140771161305042E-14 Earth 
4.105501262389513E7 4.095242769808816E7 21.11 226 123 88 1421326.9 240.0 -6.06501698204755E-15 Mars 
4.415699125810776E7 4.247760136524811E7 444.23 211 156 126 4839326.9 45.0 -9.625231968090432E-16 Jupiter 
3.7994206685898885E7 3.133735728540817E7 374.5 197 171 110 8891826.9 50.0 -3.936387970398362E-16 Saturn 
3.911781517245195E7 2.2180053224137004E7 158.815 147 184 190 1.78417699E7 320.0 -1.3589910850184823E-16 Uranus 
6.737763748143028E7 3.421564218190926E7 153.895 62 84 232 2.79820269E7 15.0 -6.926896307133041E-17 Neptune 
6.323505557411459E7 6.88002153080471E7 7.365 246 221 219 3.70043269E7 69.0 -4.603034320223892E-17 Pluto 
28
4.415238060442429E7 4.247741966375543E7 9.6985 134 140 139 4614.23 0.0 -1.1764595156751467E-12 Europa Jupiter
4.415676979731593E7 4.2474545153068155E7 11.319 245 236 95 3064.23 0.0 -2.380952380952381E-12 Io Jupiter
4.416162439717047E7 4.24829737154294E7 16.3675 150 133 117 7094.23 0.0 -5.813926446853736E-13 Ganymede Jupiter
4.4152427533258386E7 4.248885546984453E7 14.977 110 94 78 12144.23 0.0 -2.4509803921568625E-13 Callisto Jupiter
3.7994299812500775E7 3.133888174289416E7 1.2316 146 146 146 1527.3 0.0 -4.423213021939136E-12 Mimas2 Saturn
3.801594404964334E7 3.134318306453316E7 4.564 169 168 157 22504.5 0.0 -5.2742616033755264E-14 Iapetus Saturn
3.799236004334847E7 3.1337527773832027E7 1.5665 191 192 197 1854.5 0.0 -3.0303030303030297E-12 Enceladus Saturn
3.7991672818431556E7 3.133833094018014E7 3.4884 192 192 192 2714.5 0.0 -1.5432098765432096E-12 Dione Saturn
3.799630783143113E7 3.133802438617262E7 3.2995 173 173 173 2204.5 0.0 -2.207505518763797E-12 Tethys Saturn
3.799056618969275E7 3.1337598759545777E7 4.746 213 213 213 3648.5 0.0 -9.218289085545723E-13 Rhea Saturn
3.79951190614834E7 3.132944521531147E7 15.999 212 186 93 7964.5 0.0 -2.604166666666667E-13 Titan Saturn
4.0845278686896026E7 4.0396264507040314E7 10.794 203 198 190 2427.63 0.0 -1.5432098765432097E-13 The Earth
4.105493530619108E7 4.095240963534833E7 0.070008 139 125 113 79.39462 0.0 -5.208333333333334E-13 Phobos Mars
4.105516204814381E7 4.0953898242822215E7 0.038525 212 182 144 1478.11 0.0 -3.333333333333333E-12 Deimos Mars
3.91163894557681E7 2.218254038140885E7 4.8989 187 175 163 2866.815 0.0 -5.154660431589408E-13 Titania Uranus
3.912188420052602E7 2.21756454110131E7 4.7311 192 177 164 5998.815 0.0 -3.2051282051282046E-13 Oberon Uranus
3.91193427938922E7 2.2181433477850053E7 3.5971 87 87 87 2058.815 0.0 -1.6666666666666666E-12 Ariel Uranus
3.911929882096861E7 2.2182449995489277E7 3.6332 81 81 81 2818.815 0.0 -1.0101010101010101E-12 Umbriel Uranus
3.9117753767756745E7 2.217860571095003E7 1.4652 167 167 167 1448.815 0.0 -2.9411695501892933E-12 Miranda Uranus
6.737961056426808E7 3.4216934984066606E7 8.4096 143 148 168 2358.895 0.0 -7.092198581560283E-13 Triton Neptune
6.734322503488697E7 3.421546659225279E7 1.0563 82 82 82 34412.895 0.0 -1.1574074074074074E-14 Nereid Neptune
6.737774036997427E7 3.421592174716522E7 0.20505 167 167 167 297.895 0.0 -1.4284081819220658E-11 Naiad Neptune
6.737774485996203E7 3.421593394716562E7 0.25476 115 115 115 310.895 0.0 -1.4284081819220658E-11 Thalassa Neptune
6.737742284994908E7 3.421588742011272E7 0.46603 213 213 213 325.895 0.0 -1.2512512512512511E-11 Despina Neptune
6.737775648889022E7 3.421608330815029E7 0.60273 144 144 144 456.895 0.0 -7.716049382716047E-12 Larissa Neptune
6.737758264318253E7 3.421652537828826E7 1.3049 122 122 122 884.895 0.0 -3.703703703703703E-12 Proteus Neptune
6.737817603744051E7 3.421566008641017E7 0.54308 239 239 239 538.8530000000001 0.0 -1.0000160002560041E-13 Galatea Neptune
6.323512246675736E7 6.880032603630926E7 3.7655 210 196 187 129.365 0.0 -6.5359477124183E-13 Charon Pluto
