153218263506300
9
4.001745019971397E7 3.9636091246885225E7 15.155 151 151 159 364326.9 280.0 -4.734848484848484E-14 Mercury 
4.0407228185732625E7 3.946252258390838E7 37.605 187 183 171 674326.9 310.0 -1.8601190476190475E-14 Venus 
3.930321381617485E7 4.062185888155915E7 39.63 59 93 56 933926.9 140.0 -1.140771161305042E-14 Earth 
3.926946704460492E7 3.8780782317325845E7 21.11 226 123 88 1421326.9 240.0 -6.06501698204755E-15 Mars 
4.343071734993827E7 4.341310171396871E7 444.23 211 156 126 4839326.9 45.0 -9.625231968090432E-16 Jupiter 
4.57227231782166E7 4.680551431157603E7 374.5 197 171 110 8891826.9 50.0 -3.936387970398362E-16 Saturn 
5.366341995785847E7 2.852656510805327E7 158.815 147 184 190 1.78417699E7 320.0 -1.3589910850184823E-16 Uranus 
6.702990352505289E7 4.723727468448289E7 153.895 62 84 232 2.79820269E7 15.0 -6.926896307133041E-17 Neptune 
5.326541707450518E7 7.454488267691019E7 7.365 246 221 219 3.70043269E7 69.0 -4.603034320223892E-17 Pluto 
28
4.342610316153481E7 4.341312225214976E7 9.6985 134 140 139 4614.23 0.0 -1.1764595156751467E-12 Europa Jupiter
4.343377080600456E7 4.3412845034339055E7 11.319 245 236 95 3064.23 0.0 -2.380952380952381E-12 Io Jupiter
4.343083126333888E7 4.340600840277275E7 16.3675 150 133 117 7094.23 0.0 -5.813926446853736E-13 Ganymede Jupiter
4.344034510733955E7 4.3405699790571675E7 14.977 110 94 78 12144.23 0.0 -2.4509803921568625E-13 Callisto Jupiter
4.57238531114423E7 4.680654187881008E7 1.2316 146 146 146 1527.3 0.0 -4.423213021939136E-12 Mimas2 Saturn
4.574500420554888E7 4.680235074163808E7 4.564 169 168 157 22504.5 0.0 -5.2742616033755264E-14 Iapetus Saturn
4.572226519391687E7 4.6803717254648715E7 1.5665 191 192 197 1854.5 0.0 -3.0303030303030297E-12 Enceladus Saturn
4.5721222880136184E7 4.680777653142313E7 3.4884 192 192 192 2714.5 0.0 -1.5432098765432096E-12 Dione Saturn
4.572477044969249E7 4.6806331924366966E7 3.2995 173 173 173 2204.5 0.0 -2.207505518763797E-12 Tethys Saturn
4.57198781274826E7 4.680323018269566E7 4.746 213 213 213 3648.5 0.0 -9.218289085545723E-13 Rhea Saturn
4.5728833211298116E7 4.68004054284771E7 15.999 212 186 93 7964.5 0.0 -2.604166666666667E-13 Titan Saturn
3.930543763671942E7 4.06208852339977E7 10.794 203 198 190 2427.63 0.0 -1.5432098765432097E-13 The Moon Earth
3.926948111185217E7 3.878070417169095E7 0.070008 139 125 113 79.39462 0.0 -5.208333333333334E-13 Phobos Mars
3.926817769575174E7 3.878005956361495E7 0.038525 212 182 144 1478.11 0.0 -3.333333333333333E-12 Deimos Mars
5.366396801684351E7 2.852375116976308E7 4.8989 187 175 163 2866.815 0.0 -5.154660431589408E-13 Titania Uranus
5.366734696493779E7 2.8522030310254265E7 4.7311 192 177 164 5998.815 0.0 -3.2051282051282046E-13 Oberon Uranus
5.366289973068931E7 2.8528557114602804E7 3.5971 87 87 87 2058.815 0.0 -1.6666666666666666E-12 Ariel Uranus
5.3660870135953166E7 2.852536339644644E7 3.6332 81 81 81 2818.815 0.0 -1.0101010101010101E-12 Umbriel Uranus
5.36634037610001E7 2.852511638592708E7 1.4652 167 167 167 1448.815 0.0 -2.9411695501892933E-12 Miranda Uranus
6.702914858265061E7 4.723503986052889E7 8.4096 143 148 168 2358.895 0.0 -7.092198581560283E-13 Triton Neptune
6.706429993763934E7 4.723620974527307E7 1.0563 82 82 82 34412.895 0.0 -1.1574074074074074E-14 Nereid Neptune
6.703016511868063E7 4.7237132174086295E7 0.20505 167 167 167 297.895 0.0 -1.4284081819220658E-11 Naiad Neptune
6.70301765345328E7 4.7237125954896696E7 0.25476 115 115 115 310.895 0.0 -1.4284081819220658E-11 Thalassa Neptune
6.7029754840389416E7 4.7236984685768336E7 0.46603 213 213 213 325.895 0.0 -1.2512512512512511E-11 Despina Neptune
6.702980666738425E7 4.7236828176173255E7 0.60273 144 144 144 456.895 0.0 -7.716049382716047E-12 Larissa Neptune
6.702911843270516E7 4.7237682939369455E7 1.3049 122 122 122 884.895 0.0 -3.703703703703703E-12 Proteus Neptune
6.7030423224296995E7 4.7237132297904946E7 0.54308 239 239 239 538.8530000000001 0.0 -1.0000160002560041E-13 Galatea Neptune
5.326539429152872E7 7.454475533431832E7 3.7655 210 196 187 129.365 0.0 -6.5359477124183E-13 Charon Pluto
