150139421634600
9
4.001837603375656E7 3.9636136823178016E7 15.155 151 151 159 364326.9 280.0 -4.734848484848484E-14 Mercury 
4.0407765214965545E7 3.946292989514616E7 37.605 187 183 171 674326.9 310.0 -1.8601190476190475E-14 Venus 
3.930283274798883E7 4.062143163523175E7 39.63 59 93 56 933926.9 140.0 -1.140771161305042E-14 Earth 
3.926986443483723E7 3.878054429635675E7 21.11 226 123 88 1421326.9 240.0 -6.06501698204755E-15 Mars 
4.343054081395352E7 4.3413279151909895E7 444.23 211 156 126 4839326.9 45.0 -9.625231968090432E-16 Jupiter 
4.5722579224053234E7 4.6805635359317884E7 374.5 197 171 110 8891826.9 50.0 -3.936387970398362E-16 Saturn 
5.366350374351846E7 2.852666488699109E7 158.815 147 184 190 1.78417699E7 320.0 -1.3589910850184823E-16 Uranus 
6.702987658625071E7 4.723737529525585E7 153.895 62 84 232 2.79820269E7 15.0 -6.926896307133041E-17 Neptune 
5.326533162891352E7 7.454491548834662E7 7.365 246 221 219 3.70043269E7 69.0 -4.603034320223892E-17 Pluto 
19
4.342593454567291E7 4.341300814512042E7 9.6985 134 140 139 4614.23 0.0 -1.1764595156751467E-12 Europa Jupiter
4.343360206416553E7 4.341341417009565E7 11.319 245 236 95 3064.23 0.0 -2.380952380952381E-12 Io Jupiter
4.343087624131816E7 4.340619286022416E7 16.3675 150 133 117 7094.23 0.0 -5.813926446853736E-13 Ganymede Jupiter
4.3440265220619544E7 4.340600466876841E7 14.977 110 94 78 12144.23 0.0 -2.4509803921568625E-13 Callisto Jupiter
4.5723435448202215E7 4.6806900083322994E7 1.2316 146 146 146 1527.3 0.0 -4.423213021939136E-12 Mimas2 Saturn
4.57448691281069E7 4.680253494969125E7 4.564 169 168 157 22504.5 0.0 -5.2742616033755264E-14 Iapetus Saturn
4.5722418630902566E7 4.680378782819003E7 1.5665 191 192 197 1854.5 0.0 -3.0303030303030297E-12 Enceladus Saturn
4.572089670177721E7 4.680776553561107E7 3.4884 192 192 192 2714.5 0.0 -1.5432098765432096E-12 Dione Saturn
4.572451535011259E7 4.680668950801905E7 3.2995 173 173 173 2204.5 0.0 -2.207505518763797E-12 Tethys Saturn
4.5719850761355236E7 4.680321316033009E7 4.746 213 213 213 3648.5 0.0 -9.218289085545723E-13 Rhea Saturn
4.572876014858839E7 4.6800612475062005E7 15.999 212 186 93 7964.5 0.0 -2.604166666666667E-13 Titan Saturn
3.93050645663493E7 4.062047646258852E7 10.794 203 198 190 2427.63 0.0 -1.5432098765432097E-13 The Moon Earth
3.926988068274874E7 3.878046657500402E7 0.070008 139 125 113 79.39462 0.0 -5.208333333333334E-13 Phobos Mars
3.926872448016178E7 3.877960339124547E7 0.038525 212 182 144 1478.11 0.0 -3.333333333333333E-12 Deimos Mars
5.366412952509943E7 2.852386720657992E7 4.8989 187 175 163 2866.815 0.0 -5.154660431589408E-13 Titania Uranus
5.366750826674391E7 2.852219839280712E7 4.7311 192 177 164 5998.815 0.0 -3.2051282051282046E-13 Oberon Uranus
5.366280743725784E7 2.8528602380922407E7 3.5971 87 87 87 2058.815 0.0 -1.6666666666666666E-12 Ariel Uranus
5.3661022871632576E7 2.8525326612852093E7 3.6332 81 81 81 2818.815 0.0 -1.0101010101010101E-12 Umbriel Uranus
5.366371576053548E7 2.8525231670964472E7 1.4652 167 167 167 1448.815 0.0 -2.9411695501892933E-12 Miranda Uranus
