152822295087400
9
4.001756927433151E7 3.9636096976293035E7 15.155 151 151 159 364326.9 280.0 -4.734848484848484E-14 Mercury 
4.04072972739253E7 3.946257493665011E7 37.605 187 183 171 674326.9 310.0 -1.8601190476190475E-14 Venus 
3.930316479370198E7 4.0621803948047295E7 39.63 59 93 56 933926.9 140.0 -1.140771161305042E-14 Earth 
3.9269518147175826E7 3.878075169905463E7 21.11 226 123 88 1421326.9 240.0 -6.06501698204755E-15 Mars 
4.3430694646799184E7 4.341312453413101E7 444.23 211 156 126 4839326.9 45.0 -9.625231968090432E-16 Jupiter 
4.572270466493673E7 4.680552987925812E7 374.5 197 171 110 8891826.9 50.0 -3.936387970398362E-16 Saturn 
5.366343073326942E7 2.852657794022661E7 158.815 147 184 190 1.78417699E7 320.0 -1.3589910850184823E-16 Uranus 
6.702990006057213E7 4.723728762367545E7 153.895 62 84 232 2.79820269E7 15.0 -6.926896307133041E-17 Neptune 
5.326540608566179E7 7.4544886896682E7 7.365 246 221 219 3.70043269E7 69.0 -4.603034320223892E-17 Pluto 
27
4.3426080443817064E7 4.341310755795773E7 9.6985 134 140 139 4614.23 0.0 -1.1764595156751467E-12 Europa Jupiter
4.3433751912713304E7 4.341291812912203E7 11.319 245 236 95 3064.23 0.0 -2.380952380952381E-12 Io Jupiter
4.343083705893714E7 4.340603173802434E7 16.3675 150 133 117 7094.23 0.0 -5.813926446853736E-13 Ganymede Jupiter
4.344033492768565E7 4.340573892904487E7 14.977 110 94 78 12144.23 0.0 -2.4509803921568625E-13 Callisto Jupiter
4.572380266487416E7 4.680659150066539E7 1.2316 146 146 146 1527.3 0.0 -4.423213021939136E-12 Mimas2 Saturn
4.5744986843771584E7 4.68023744308353E7 4.564 169 168 157 22504.5 0.0 -5.2742616033755264E-14 Iapetus Saturn
4.5722284411523946E7 4.6803723626300566E7 1.5665 191 192 197 1854.5 0.0 -3.0303030303030297E-12 Enceladus Saturn
4.572118032663664E7 4.680777597064582E7 3.4884 192 192 192 2714.5 0.0 -1.5432098765432096E-12 Dione Saturn
4.5724739225531E7 4.680637862794531E7 3.2995 173 173 173 2204.5 0.0 -2.207505518763797E-12 Tethys Saturn
4.57198742228154E7 4.680322767253119E7 4.746 213 213 213 3648.5 0.0 -9.218289085545723E-13 Rhea Saturn
4.5728823882317506E7 4.68004320005648E7 15.999 212 186 93 7964.5 0.0 -2.604166666666667E-13 Titan Saturn
3.9305389651052326E7 4.062083267236678E7 10.794 203 198 190 2427.63 0.0 -1.5432098765432097E-13 The Moon Earth
3.926953249588299E7 3.8780673604346916E7 0.070008 139 125 113 79.39462 0.0 -5.208333333333334E-13 Phobos Mars
3.926824578829312E7 3.877999943818731E7 0.038525 212 182 144 1478.11 0.0 -3.333333333333333E-12 Deimos Mars
5.366398881277164E7 2.852376597217597E7 4.8989 187 175 163 2866.815 0.0 -5.154660431589408E-13 Titania Uranus
5.366736777525306E7 2.8522051851849854E7 4.7311 192 177 164 5998.815 0.0 -3.2051282051282046E-13 Oberon Uranus
5.3662887597499885E7 2.8528563822914205E7 3.5971 87 87 87 2058.815 0.0 -1.6666666666666666E-12 Ariel Uranus
5.366088936209086E7 2.8525358458978232E7 3.6332 81 81 81 2818.815 0.0 -1.0101010101010101E-12 Umbriel Uranus
5.366344398403407E7 2.8525129188193645E7 1.4652 167 167 167 1448.815 0.0 -2.9411695501892933E-12 Miranda Uranus
6.702915608056662E7 4.7235049126512565E7 8.4096 143 148 168 2358.895 0.0 -7.092198581560283E-13 Triton Neptune
6.7064296558207996E7 4.7236225435752735E7 1.0563 82 82 82 34412.895 0.0 -1.1574074074074074E-14 Nereid Neptune
6.703017442576968E7 4.723717158809251E7 0.20505 167 167 167 297.895 0.0 -1.4284081819220658E-11 Naiad Neptune
6.703018639896813E7 4.723716652424823E7 0.25476 115 115 115 310.895 0.0 -1.4284081819220658E-11 Thalassa Neptune
6.7029776976740144E7 4.723698586777013E7 0.46603 213 213 213 325.895 0.0 -1.2512512512512511E-11 Despina Neptune
6.702982713880129E7 4.7236836587781556E7 0.60273 144 144 144 456.895 0.0 -7.716049382716047E-12 Larissa Neptune
6.702910477714805E7 4.72376756524521E7 1.3049 122 122 122 884.895 0.0 -3.703703703703703E-12 Proteus Neptune
6.703041985807461E7 4.723714559636348E7 0.54308 239 239 239 538.8530000000001 0.0 -1.0000160002560041E-13 Galatea Neptune
